Null Distribution:
1.11136000044644
-2.59997323155403e-05
-2.40001827478409e-05
-2.39992514252663e-05
-2.10003927350044e-05
-2.69999727606773e-05
-2.19997018575668e-05
-2.00001522898674e-05
-2.20006331801414e-05
-2.20006331801414e-05
-1.89999118447304e-05
-2.60006636381149e-05
-2.19997018575668e-05
-1.79996713995934e-05
-2.29999423027039e-05
-2.19997018575668e-05
-2.50004231929779e-05
-2.19997018575668e-05
-2.60006636381149e-05
-2.20006331801414e-05
-2.29999423027039e-05
-2.29999423027039e-05
-2.69999727606773e-05
-2.10003927350044e-05
-2.40001827478409e-05
-2.29999423027039e-05
-1.89999118447304e-05
-2.49994918704033e-05
-2.09994614124298e-05
-2.40001827478409e-05
-1.99992209672928e-05
-2.20006331801414e-05
-2.19997018575668e-05
-1.89999118447304e-05
-1.8000602722168e-05
-2.49994918704033e-05
-2.40001827478409e-05
-2.29999423027039e-05
-2.50004231929779e-05
-2.10003927350044e-05
-2.29999423027039e-05
-1.89999118447304e-05
-2.59997323155403e-05
-2.50004231929779e-05
-2.09994614124298e-05
-2.00001522898674e-05
-2.29999423027039e-05
-2.29999423027039e-05
-2.19997018575668e-05
-2.50004231929779e-05
-2.19997018575668e-05
-2.19997018575668e-05
-2.50004231929779e-05
-2.50004231929779e-05
-2.80002132058144e-05
-2.29999423027039e-05
-2.50004231929779e-05
-2.20006331801414e-05
-1.99992209672928e-05
-2.69999727606773e-05
-2.19997018575668e-05
-2.80002132058144e-05
-2.29999423027039e-05
-2.19997018575668e-05
-2.29999423027039e-05
-2.09994614124298e-05
-2.19997018575668e-05
-2.50004231929779e-05
-2.19997018575668e-05
-2.29999423027039e-05
-2.50004231929779e-05
-2.60006636381149e-05
-2.40001827478409e-05
-2.49994918704033e-05
-2.10003927350044e-05
-2.09994614124298e-05
-2.29999423027039e-05
-2.19997018575668e-05
-2.10003927350044e-05
-2.40001827478409e-05
-2.10003927350044e-05
-2.49994918704033e-05
-2.40001827478409e-05
-2.00001522898674e-05
-2.20006331801414e-05
-2.19997018575668e-05
-2.40001827478409e-05
-2.19997018575668e-05
-2.40001827478409e-05
-2.20006331801414e-05
-2.60006636381149e-05
-2.59997323155403e-05
-2.09994614124298e-05
-2.19997018575668e-05
-2.19997018575668e-05
-2.29999423027039e-05
-2.19997018575668e-05
-2.09994614124298e-05
-2.10003927350044e-05
-2.40001827478409e-05

Test Statistic(s):
7867.81265799981
