Null Distribution:
2.00936099980026
2.59997323155403e-05
-1.69994309544563e-05
2.40001827478409e-05
-1.49998813867569e-05
5.0002709031105e-06
1.79996713995934e-05
-1.89999118447304e-05
1.79996713995934e-05
1.89999118447304e-05
8.00006091594696e-06
6.99982047080994e-06
3.50000336766243e-05
9.00030136108398e-06
3.10000032186508e-05
4.00003045797348e-06
2.20006331801414e-05
1.89999118447304e-05
-8.99937003850937e-06
3.10000032186508e-05
-1.60001218318939e-05
-2.99979001283646e-06
6.99982047080994e-06
1.8000602722168e-05
2.00001522898674e-05
2.00048089027405e-06
2.09994614124298e-05
-1.09998509287834e-05
2.00001522898674e-05
1.89999118447304e-05
1.9000843167305e-05
2.00048089027405e-06
1.39996409416199e-05
4.00003045797348e-06
-2.99979001283646e-06
1.00024044513702e-06
-1.00024044513702e-06
-0.188002999871969
2.69999727606773e-05
1.49998813867569e-05
2.60006636381149e-05
8.00006091594696e-06
8.00006091594696e-06
0
1.40005722641945e-05
0
8.00006091594696e-06
1.49998813867569e-05
-1.30003318190575e-05
1.09998509287834e-05
1.39996409416199e-05
-5.99958002567291e-06
2.00048089027405e-06
3.00006940960884e-05
1.79996713995934e-05
1.49998813867569e-05
-2.99979001283646e-06
4.00003045797348e-06
1.39996409416199e-05
1.99992209672928e-05
9.00030136108398e-06
1.79996713995934e-05
-4.00003045797348e-06
1.8000602722168e-05
-1.40005722641945e-05
1.49998813867569e-05
-6.99982047080994e-06
2.99979001283646e-06
2.19997018575668e-05
1.89999118447304e-05
9.99961048364639e-06
8.99937003850937e-06
-1.40005722641945e-05
-1.30003318190575e-05
2.10003927350044e-05
2.10003927350044e-05
-1.70003622770309e-05
-1.0000541806221e-05
1.29994004964828e-05
5.0002709031105e-06
2.00001522898674e-05
5.0002709031105e-06
1.8000602722168e-05
5.0002709031105e-06
2.09994614124298e-05
0.0338639998808503
2.99979001283646e-06
2.49994918704033e-05
1.49998813867569e-05
2.99979001283646e-06
-1.69994309544563e-05
2.69999727606773e-05
2.50004231929779e-05
1.9000843167305e-05
-6.99982047080994e-06
1.39996409416199e-05
2.99979001283646e-06
-5.99958002567291e-06
-1.70003622770309e-05
-9.99961048364639e-06

Test Statistic(s):
24136.8276230004
