Null Distribution:
0.698672000318766
-5.99995255470276e-05
5.69988042116165e-05
0.000103000551462173
1.00024044513702e-06
3.19983810186386e-05
1.8000602722168e-05
5.89992851018906e-05
-5.00120222568512e-06
-2.99885869026184e-06
-4.19989228248596e-05
-3.10000032186508e-05
-5.29997050762177e-05
-6.50007277727127e-05
0.000102000311017036
-5.99995255470276e-05
2.99885869026184e-06
6.09997659921646e-05
0.000113001093268394
2.00048089027405e-06
-2.59988009929657e-05
-5.99958002567291e-06
0.000107999891042709
1.39996409416199e-05
-1.00024044513702e-06
7.40010291337967e-05
9.09995287656784e-05
-5.50001859664917e-05
-1.40015035867691e-05
6.00013881921768e-05
0.000134998932480812
0.000143000856041908
-3.69995832443237e-05
-6.59991055727005e-05
2.60006636381149e-05
7.59996473789215e-05
4.49996441602707e-05
3.40007245540619e-05
-5.99995255470276e-05
-2.8001144528389e-05
-1.99992209672928e-05
-6.09997659921646e-05
2.99997627735138e-05
8.40015709400177e-05
3.79998236894608e-05
4.99989837408066e-05
4.00003045797348e-05
1.30012631416321e-05
2.79992818832397e-05
2.29999423027039e-05
0.000107999891042709
5.29997050762177e-05
9.19997692108154e-05
2.9001384973526e-05
-4.40012663602829e-05
-5.99995255470276e-05
2.29999423027039e-05
3.99909913539886e-06
2.89995223283768e-05
4.00003045797348e-05
2.00048089027405e-06
4.39994037151337e-05
-5.90011477470398e-05
4.30010259151459e-05
0.000230999663472176
-6.69993460178375e-05
3.20002436637878e-05
-4.09986823797226e-05
4.70001250505447e-05
-3.69995832443237e-05
7.09984451532364e-05
1.00024044513702e-06
4.19989228248596e-05
5.00120222568512e-06
0.000174999237060547
3.69995832443237e-05
-3.10000032186508e-05
-4.49996441602707e-05
-4.10005450248718e-05
9.19997692108154e-05
0.000143000856041908
4.00003045797348e-05
-2.8001144528389e-05
-2.89995223283768e-05
8.00006091594696e-06
-6.00013881921768e-05
0.000152001157402992
-1.39996409416199e-05
-5.69988042116165e-05
7.00000673532486e-05
3.90000641345978e-05
-2.40001827478409e-05
0.241012999787927
8.39997082948685e-05
-5.89992851018906e-05
9.98377799987793e-07
0.000161999836564064
0.000156000256538391
2.7000904083252e-05
0.000130001455545425

Test Statistic(s):
66213.3950849995
