Null Distribution:
0.000105999410152435
0.00011100061237812
0.000113001093268394
0.000105001032352448
0.000113999471068382
0.000106999650597572
0.000105001032352448
0.000114999711513519
0.000113999471068382
0.000106999650597572
0.000107999891042709
0.000109000131487846
0.000109000131487846
0.000114999711513519
0.000114999711513519
0.00011100061237812
0.000117000192403793
0.000114999711513519
0.000109000131487846
0.000113001093268394
0.000113001093268394
0.000113999471068382
0.000113001093268394
0.000107999891042709
0.000106999650597572
0.000103000551462173
0.000111998990178108
0.000110998749732971
0.000109998509287834
0.000109998509287834
0.000109998509287834
0.000109000131487846
0.000108001753687859
0.000102998688817024
0.000110000371932983
0.000111998990178108
0.000113001093268394
0.000107999891042709
0.000105001032352448
0.000113001093268394
0.000112000852823257
0.000109000131487846
0.000115999951958656
0.000110000371932983
0.000112000852823257
0.000110998749732971
0.000114001333713531
0.000109000131487846
0.000107999891042709
0.00011100061237812
0.000110998749732971
0.000104999169707298
0.000111998990178108
0.000109000131487846
0.000112999230623245
0.000110000371932983
0.000106999650597572
0.000114999711513519
0.000112000852823257
0.000105999410152435
0.000107999891042709
0.000112000852823257
0.000110998749732971
0.000106999650597572
0.000109000131487846
0.000110000371932983
0.000109998509287834
0.000109000131487846
0.000109000131487846
0.000112999230623245
0.000106999650597572
0.000114001333713531
0.000113001093268394
0.000112000852823257
0.000112000852823257
0.000114001333713531
0.000109000131487846
0.000118998810648918
0.000113999471068382
0.000106999650597572
0.000110998749732971
0.000112999230623245
0.000112000852823257
0.000114999711513519
0.00011100061237812
0.000112999230623245
0.000110998749732971
0.000110000371932983
0.000115999951958656
0.00011100061237812
0.000110000371932983
0.000112999230623245
0.000111998990178108
0.000115999951958656
0.00011100061237812
0.000113001093268394
0.000111998990178108
0.000107999891042709
0.000113999471068382
0.000106999650597572

Test Statistic(s):
15266.8996609999
