Null Distribution:
2.54554000031203
-6.99982047080994e-06
-1.39996409416199e-05
-1.49998813867569e-05
-3.10000032186508e-05
-5.0002709031105e-06
-1.39996409416199e-05
-5.0002709031105e-06
-4.99933958053589e-06
-1.49998813867569e-05
-5.0002709031105e-06
-3.00072133541107e-06
-5.0002709031105e-06
-4.00003045797348e-06
-5.0002709031105e-06
0
-4.00003045797348e-06
-2.99979001283646e-06
-1.39996409416199e-05
-1.00024044513702e-06
-1.49998813867569e-05
-1.59991905093193e-05
-4.00003045797348e-06
-1.60001218318939e-05
-4.00003045797348e-06
-2.99979001283646e-06
-4.00003045797348e-06
-1.60001218318939e-05
-1.20000913739204e-05
-1.39996409416199e-05
-1.50008127093315e-05
-4.00003045797348e-06
-9.00030136108398e-06
-3.00072133541107e-06
-5.0002709031105e-06
-2.99979001283646e-06
-2.99979001283646e-06
-4.00003045797348e-06
-3.00072133541107e-06
-5.0002709031105e-06
-1.39996409416199e-05
-4.00003045797348e-06
-4.00003045797348e-06
-1.39996409416199e-05
-4.00003045797348e-06
-1.39996409416199e-05
-2.99979001283646e-06
-4.00003045797348e-06
-1.30003318190575e-05
-4.99933958053589e-06
-1.60001218318939e-05
-1.59991905093193e-05
-4.99933958053589e-06
-3.00072133541107e-06
-2.99979001283646e-06
-4.00003045797348e-06
-1.49998813867569e-05
-1.40005722641945e-05
-4.00003045797348e-06
-2.99979001283646e-06
-3.00072133541107e-06
-5.0002709031105e-06
-4.00003045797348e-06
-1.49998813867569e-05
-1.59991905093193e-05
-1.39996409416199e-05
-2.99979001283646e-06
-1.60001218318939e-05
-5.0002709031105e-06
-4.00003045797348e-06
-1.70003622770309e-05
-1.70003622770309e-05
-1.49998813867569e-05
-1.20000913739204e-05
-1.40005722641945e-05
-4.00003045797348e-06
-1.29994004964828e-05
-1.60001218318939e-05
-1.49998813867569e-05
-1.29994004964828e-05
-1.60001218318939e-05
-1.20000913739204e-05
-1.40005722641945e-05
-1.60001218318939e-05
-3.99909913539886e-06
-1.30003318190575e-05
-1.40005722641945e-05
-4.00003045797348e-06
-1.60001218318939e-05
-5.0002709031105e-06
-2.59997323155403e-05
-1.49998813867569e-05
-1.39996409416199e-05
-1.49998813867569e-05
-1.49998813867569e-05
-1.79996713995934e-05
-5.0002709031105e-06
-8.00006091594696e-06
-2.99979001283646e-06
-4.00003045797348e-06

Test Statistic(s):
2454.98650799971
